50
8
0 9 4 9
18 2 26 7
5 2 8 1
11 15 13 18
16 11 16 13
16 23 27 18
12 14 6 11
14 3 17 5
6
9 18 13 29
10 2 10 12
0 2 0 18
6 5 8 14
4 19 6 38
23 18 17 36
7
6 1 8 19
12 10 22 13
14 23 13 17
12 1 10 4
9 9 10 30
3 7 4 17
16 23 21 15
2
3 7 13 10
0 17 2 16
6
18 12 21 13
12 26 10 17
8 6 20 8
15 13 15 25
4 16 6 26
2 11 10 12
5
13 19 9 15
5 2 7 6
12 9 21 14
12 5 24 7
9 2 18 1
2
6 20 17 9
8 4 17 2
3
15 15 20 5
8 12 9 13
2 1 2 9
3
4 19 16 28
13 4 13 9
14 10 22 2
5
14 18 18 14
10 7 17 7
8 12 13 13
0 13 7 13
19 10 24 7
6
12 2 14 4
4 0 11 8
13 14 13 24
15 15 16 13
21 11 16 7
0 14 5 20
4
19 18 36 12
0 11 17 6
10 20 18 15
22 5 10 4
5
18 19 33 23
17 4 26 12
14 7 13 9
5 0 8 0
15 26 15 16
8
1 16 15 21
1 3 2 10
10 6 24 9
15 3 21 2
14 11 18 11
18 15 25 31
7 5 7 4
7 10 10 13
4
10 3 9 4
8 2 8 4
1 28 3 18
6 10 11 22
5
17 9 13 16
10 19 3 24
4 15 12 16
11 5 16 8
4 7 9 2
8
13 5 18 12
11 20 1 14
15 18 24 15
6 5 1 5
14 13 14 23
15 1 30 2
19 8 28 10
12 5 12 15
4
0 14 0 11
15 19 18 15
19 22 19 12
1 15 14 31
7
3 3 7 6
18 0 19 0
14 11 19 11
15 15 13 27
9 24 9 13
2 13 2 21
6 8 6 20
6
5 23 15 8
18 4 23 2
32 13 18 6
2 15 0 20
15 0 30 0
9 5 12 5
8
20 4 14 7
0 19 4 7
18 18 12 16
1 6 7 3
11 5 11 2
8 8 7 13
10 18 5 19
15 9 22 13
8
5 18 6 29
10 14 16 21
21 26 18 9
0 14 0 10
12 2 12 6
9 4 11 11
19 0 21 5
4 0 11 2
2
21 10 12 13
13 1 20 0
7
9 4 9 11
3 10 4 15
14 2 25 23
1 16 11 37
6 6 5 1
13 18 12 16
7 12 6 12
7
8 14 20 13
18 6 0 9
1 1 20 3
16 21 3 16
12 12 6 11
18 17 33 18
13 5 30 5
4
49 27 43 17
34 45 59 54
14 51 26 31
6 57 9 43
2
13 9 32 45
51 40 45 15
2
7 56 2 32
35 12 25 50
7
46 24 46 41
30 35 35 35
7 5 9 6
38 31 42 50
36 28 38 5
48 18 53 47
14 0 18 23
5
33 29 36 62
3 33 5 66
18 44 19 49
26 30 31 26
29 40 31 68
6
35 41 47 37
40 12 45 15
12 11 5 7
34 21 35 32
45 47 55 58
44 29 47 22
4
21 45 55 45
15 13 54 5
29 32 46 41
41 23 4 31
5
39 54 58 38
47 28 71 9
8 37 16 55
22 43 29 69
33 17 33 40
3
32 36 37 61
16 34 7 53
40 26 51 47
6
3 13 9 16
5 26 9 29
39 21 62 18
39 15 60 16
26 22 39 22
31 52 34 49
5
0 16 10 18
35 26 35 28
32 10 41 10
24 13 31 13
11 45 13 45
6
1 20 2 62
17 6 17 9
12 59 12 19
35 45 31 56
3 38 3 52
19 22 20 57
6
33 22 54 33
40 56 56 38
55 5 47 2
2 33 17 39
8 11 25 29
29 62 7 41
5
28 53 24 49
44 54 68 49
13 12 31 2
36 47 31 56
38 23 60 13
3
33 12 35 29
22 32 20 20
41 36 44 47
4
3 30 7 49
39 12 58 2
14 7 25 25
31 59 38 40
3
32 3 33 13
12 30 29 7
23 40 40 56
7
1 40 11 61
33 33 34 0
25 31 32 62
37 49 48 80
38 0 48 13
9 22 16 38
44 18 54 28
7
43 76 47 31
8 23 17 41
17 86 36 48
43 4 67 10
21 5 41 6
32 25 50 28
19 20 35 7
2
29 48 34 58
27 24 24 27
2
35 0 67 4
5 12 26 18
8
35 35 21 41
42 48 84 50
46 24 21 24
38 0 77 6
40 34 55 38
8 38 14 32
37 39 39 43
35 5 27 4
3
43 28 75 51
13 41 32 56
28 11 6 12
3
39 8 45 16
13 12 18 12
43 28 47 22
4
3 29 5 33
1 3 2 7
19 22 29 22
9 11 18 7
