20
13 10 9 11
9 8
5 11
3 9
8 2
2 10
10 5
7 2
6 10
12 8
13 1
1 9
4 8
5
3 2 6 5 1
8 4 1 6
3 6
5 4
8 2
1 2
4 2
2 6
7 2
2
1 3
6 6 6 5
2 5
6 3
3 2
1 3
4 5
2
1 3
13 3 3 1
10 4
11 1
12 4
6 8
2 3
3 1
5 11
4 1
8 12
13 3
7 3
9 10
2
1 2
9 9 4 5
4 1
9 5
8 6
6 5
1 2
3 4
2 5
7 5
3
4 2 3
14 10 4 13
9 7
11 12
10 4
2 4
3 5
5 2
1 10
8 14
4 7
7 13
6 4
14 4
12 7
2
2 1
7 2 5 2
7 2
4 5
6 7
3 6
5 6
1 4
2
4 1
2 2 2 1
2 1
2
1 2
10 3 7 9
8 9
10 9
1 3
5 4
3 2
7 6
2 9
4 9
6 4
2
4 3
5 5 2 1
4 1
2 4
3 5
5 1
2
1 2
14 2 5 1
7 1
10 13
3 8
4 5
13 6
6 1
11 6
14 11
9 7
12 2
8 11
2 11
5 7
2
2 1
16 6 14 12
11 13
15 14
6 4
14 12
7 5
16 5
4 12
8 3
9 14
13 12
3 16
5 14
10 5
1 13
2 4
2
1 2
13 6 6 9
1 7
7 6
5 2
8 11
11 13
2 9
10 5
12 8
4 8
13 5
6 8
3 1
6
2 1 4 7 6 5
8 2 1 5
8 5
3 7
6 5
4 2
2 1
1 8
7 5
2
3 1
12 8 2 4
6 1
1 7
3 8
12 2
8 4
5 3
2 9
7 11
11 3
9 7
10 11
5
3 6 1 2 5
12 6 8 5
6 10
3 5
4 10
1 3
9 5
12 3
8 1
7 8
10 1
2 3
11 1
2
1 2
10 5 3 5
8 1
4 9
7 3
6 5
2 3
1 10
3 1
10 6
9 3
2
2 5
9 8 7 8
5 8
6 4
9 6
7 4
1 5
2 5
3 7
4 1
4
5 1 3 2
10 8 2 5
4 10
8 5
7 5
10 3
6 1
2 10
1 10
9 7
3 7
2
2 4
14 3 7 3
5 10
7 6
9 14
14 5
6 14
8 3
2 3
4 6
13 8
10 3
12 7
11 5
1 4
4
2 3 5 6
