20
3
4 3 3 11 3 11 6 3 6
4 9 20 1 20 1 11 9 11
4 13 13 12 13 12 6 13 6
3
4 2 4 2 9 6 9 6 4
4 8 6 11 6 11 10 8 10
4 9 16 3 16 3 14 9 14
3
4 1 5 8 5 8 8 1 8
4 4 4 4 1 3 1 3 4
4 4 13 4 19 11 19 11 13
3
4 6 5 6 6 13 6 13 5
4 11 13 16 13 16 21 11 21
4 9 0 9 3 17 3 17 0
2
4 15 15 12 15 12 12 15 12
4 8 9 8 4 0 4 0 9
4
4 3 3 3 12 5 12 5 3
4 12 5 15 5 15 11 12 11
4 6 6 6 13 11 13 11 6
4 14 13 14 16 19 16 19 13
4
4 0 3 0 8 4 8 4 3
4 20 14 20 8 11 8 11 14
4 8 4 13 4 13 5 8 5
4 6 2 6 3 13 3 13 2
2
4 2 6 2 10 8 10 8 6
4 3 4 3 5 9 5 9 4
3
4 20 8 13 8 13 1 20 1
4 7 2 7 6 10 6 10 2
4 11 14 17 14 17 15 11 15
2
4 14 3 22 3 22 8 14 8
4 7 4 7 9 13 9 13 4
6
4 35 28 26 28 26 25 35 25
4 8 33 8 24 5 24 5 33
4 26 1 26 11 37 11 37 1
4 23 25 23 26 25 26 25 25
4 12 8 12 10 21 10 21 8
4 23 6 25 6 25 7 23 7
7
4 12 9 12 18 18 18 18 9
4 24 20 24 24 38 24 38 20
4 17 4 17 8 22 8 22 4
4 24 37 23 37 23 28 24 28
4 12 20 12 25 22 25 22 20
4 10 26 10 19 2 19 2 26
4 3 14 3 16 8 16 8 14
3
4 26 4 26 8 29 8 29 4
4 12 39 1 39 1 26 12 26
4 12 22 12 14 1 14 1 22
4
4 6 17 18 17 18 36 6 36
4 24 9 35 9 35 16 24 16
4 25 5 26 5 26 6 25 6
4 3 10 18 10 18 15 3 15
6
4 18 24 18 17 17 17 17 24
4 19 23 19 25 20 25 20 23
4 14 27 14 33 23 33 23 27
4 8 2 8 1 7 1 7 2
4 18 3 18 5 23 5 23 3
4 0 1 5 1 5 9 0 9
3
4 21 26 21 30 30 30 30 26
4 2 27 2 36 6 36 6 27
4 12 8 11 8 11 3 12 3
4
4 21 32 21 24 4 24 4 32
4 29 2 29 10 41 10 41 2
4 23 11 23 19 31 19 31 11
4 21 11 15 11 15 9 21 9
10
4 17 14 34 14 34 17 17 17
4 9 36 6 36 6 25 9 25
4 11 0 11 10 25 10 25 0
4 12 23 12 25 29 25 29 23
4 7 20 2 20 2 15 7 15
4 22 38 22 27 12 27 12 38
4 9 14 9 7 1 7 1 14
4 29 10 43 10 43 13 29 13
4 29 3 29 9 41 9 41 3
4 26 26 26 36 40 36 40 26
2
4 1 27 2 27 2 38 1 38
4 3 26 14 26 14 31 3 31
2
4 34 38 34 24 28 24 28 38
4 19 28 19 34 24 34 24 28
