20
13
7 14 0 9 4 18 18 2 4 5 5 1 7
12
4 11 15
9 5 16
9 6 2
11 7 2
2 10 18
6 1 6
4 8 9
10 6 19
13 9 2
5 7 4
10 3 13
12 6 15
7
2 8 6 0 2 4 8
6
7 6 10
3 4 10
6 1 13
7 2 3
4 6 11
3 5 19
13
3 17 18 18 2 9 1 13 15 19 18 4 10
12
3 6 13
1 4 5
5 6 17
13 2 12
2 5 1
8 9 7
9 1 11
2 12 10
1 3 13
10 9 9
13 11 8
7 11 1
2
17 13
1
1 2 16
7
11 0 9 19 16 18 3
6
2 5 4
4 3 2
7 1 3
5 1 0
5 4 0
6 7 11
2
8 16
1
2 1 14
4
15 8 6 2
3
3 4 13
2 3 4
1 2 18
4
11 1 19 17
3
2 4 12
1 3 3
1 2 9
2
3 2
1
2 1 5
15
6 17 17 12 12 9 14 1 9 16 9 8 12 5 15
14
15 5 1
3 11 0
14 4 19
4 5 16
8 5 9
8 7 9
14 6 17
2 12 5
9 8 15
11 1 13
13 9 12
7 2 18
7 3 9
10 4 4
11
10 5 9 6 13 14 2 8 18 7 5
10
7 11 2
7 1 14
9 8 14
3 8 19
9 10 7
5 9 10
4 7 12
5 1 0
2 9 1
3 6 12
2
13 5
1
2 1 2
4
6 4 0 7
3
1 2 14
4 2 11
3 1 14
12
4 19 5 16 14 18 2 11 6 18 13 11
11
9 11 4
12 5 0
4 5 6
11 6 10
12 1 7
8 7 4
10 11 6
10 8 17
3 10 7
2 9 3
11 4 16
4
1 15 5 4
3
1 3 16
2 1 10
4 1 11
4
9 0 13 18
3
3 2 7
2 1 18
4 2 10
2
8 13
1
1 2 0
3
4 15 16
2
1 2 3
3 1 17
8
17 17 11 9 1 16 2 17
7
1 6 16
8 2 9
6 8 12
6 3 4
5 2 9
5 4 7
7 3 11
3
15 19 5
2
1 3 5
2 1 18
